0.0 415168 415636
0.07112149102893287 297742 308879
0.14224298205786573 233275 248949
0.2133644730867986 181974 208226
0.28448596411573146 124059 177979
0.3556074551446643 62898 155219
0.4267289461735972 49111 137051
0.4978504372025301 27527 122199
0.5689719282314629 13878 109969
0.6400934192603958 12092 99775
0.7112149102893286 10473 90930
0.7823364013182615 8263 83267
0.8534578923471944 7868 76477
0.9245793833761272 7490 70373
0.9957008744050602 5778 64953
1.066822365433993 5091 60227
1.1379438564629258 4785 56040
1.2090653474918587 3893 52133
1.2801868385207915 3746 48522
1.3513083295497244 3516 45321
1.4224298205786572 3405 42453
1.4935513116075902 1836 39822
1.564672802636523 1709 37377
1.635794293665456 1576 35138
1.7069157846943888 1541 33124
1.7780372757233216 1387 31220
1.8491587667522544 1354 29424
1.9202802577811873 1321 27854
1.9914017488101203 1274 26366
2.062523239839053 1246 25003
2.133644730867986 1212 23616
2.204766221896919 1168 22397
2.2758877129258517 1131 21224
2.3470092039547845 1101 20220
2.4181306949837174 1075 19195
2.48925218601265 998 18324
2.560373677041583 959 17485
2.631495168070516 934 16665
2.7026166590994487 917 15966
2.7737381501283815 891 15220
2.8448596411573144 873 14570
2.9159811321862477 851 13936
2.9871026232151805 823 13309
3.0582241142441133 796 12736
3.129345605273046 772 12192
3.200467096301979 452 11680
3.271588587330912 443 11258
3.3427100783598447 432 10805
3.4138315693887775 420 10402
